s = 0.5
N = 6
J = 1
h = 0

1. -0.4155961889813216
2. -0.4281420640168567
3. -0.4100735224293114
4. -0.43560413869813264
5. -0.42866794124573254
BRRRRUSH...


1
1. -0.6388428851486543

2
2. -0.6481884048854448

3
3. -0.6460021382639674

4
4. -0.647376284189333

5
5. -0.645923471449924

6
6. -0.6473549444933092

7
7. -0.6459127428579708

8
8. -0.6473543983724064

9
9. -0.6459123315235173

10
10. -0.6473544306377373

11
11. -0.6459123505311753

12
12. -0.6473544346145538

13
13. -0.6459123526788327

14
14. -0.6473544347489567

15
15. -0.6459123527478084

16
16. -0.6473544347459551

17
17. -0.6459123527459977

18
18. -0.647354434745436

19
19. -0.6459123527457082

20
20. -0.6473544347454201

21
21. -0.6459123527456934

22
22. -0.647354434745419

23
23. -0.6459123527457041

24
24. -0.6473544347454192

25
25. -0.6459123527456988

26
26. -0.6473544347454194

27
27. -0.6459123527456994

28
28. -0.6473544347454201

29
29. -0.6459123527457011

30
30. -0.6473544347454192

31
31. -0.6459123527456974

32
32. -0.6473544347454198

33
33. -0.6459123527457002

34
34. -0.647354434745422

35
35. -0.6459123527456979

36
36. -0.6473544347454192

37
37. -0.6459123527456979

38
38. -0.6473544347454195

39
39. -0.6459123527457001

40
40. -0.6473544347454198

41
41. -0.645912352745697

42
42. -0.6473544347454225

43
43. -0.6459123527457018

44
44. -0.647354434745423

45
45. -0.6459123527457012

46
46. -0.6473544347454186

47
47. -0.6459123527457022

48
48. -0.647354434745419

49
49. -0.6459123527456955

50
50. -0.6473544347454243

51
51. -0.6459123527456978

52
52. -0.6473544347454162

53
53. -0.6459123527456987

54
54. -0.6473544347454168

55
55. -0.645912352745702

56
56. -0.6473544347454174

57
57. -0.6459123527456987

58
58. -0.6473544347454177

59
59. -0.6459123527456977

60
60. -0.6473544347454169

61
61. -0.6459123527457012

62
62. -0.6473544347454195

63
63. -0.6459123527457019

64
64. -0.6473544347454184

65
65. -0.6459123527456995

66
66. -0.6473544347454183

67
67. -0.6459123527457039

68
68. -0.6473544347454195

69
69. -0.645912352745701

70
70. -0.6473544347454231

71
71. -0.6459123527456982

72
72. -0.647354434745419

73
73. -0.6459123527456943

74
74. -0.6473544347454216

75
75. -0.6459123527457006

76
76. -0.6473544347454213

77
77. -0.6459123527457004

78
78. -0.6473544347454158

79
79. -0.6459123527456982

80
80. -0.6473544347454193

81
81. -0.6459123527457008

82
82. -0.6473544347454191

83
83. -0.645912352745703

84
84. -0.6473544347454172

85
85. -0.645912352745696

86
86. -0.6473544347454175

87
87. -0.6459123527457019

88
88. -0.6473544347454185

89
89. -0.6459123527457001

90
90. -0.647354434745416

91
91. -0.6459123527457028

92
92. -0.6473544347454171

93
93. -0.6459123527457002

94
94. -0.6473544347454253

95
95. -0.6459123527456946

96
96. -0.6473544347454201

97
97. -0.6459123527456961

98
98. -0.6473544347454206

99
99. -0.6459123527456977

100
100. -0.647354434745419

101
101. -0.6459123527456934

102
102. -0.6473544347454242

103
103. -0.6459123527456997

104
104. -0.6473544347454172

105
105. -0.6459123527457026

106
106. -0.647354434745418

107
107. -0.6459123527457047

108
108. -0.6473544347454178

109
109. -0.6459123527456951

110
110. -0.647354434745422

111
111. -0.6459123527457036

112
112. -0.6473544347454153

113
113. -0.6459123527457018

114
114. -0.6473544347454191

115
115. -0.645912352745704

116
116. -0.6473544347454209

117
117. -0.6459123527456949

118
118. -0.647354434745418

119
119. -0.6459123527457021

120
120. -0.6473544347454182

121
121. -0.6459123527456995

122
122. -0.6473544347454159

123
123. -0.6459123527456986

124
124. -0.6473544347454194

125
125. -0.6459123527457022

126
126. -0.6473544347454201

127
127. -0.6459123527457018

128
128. -0.6473544347454262

129
129. -0.6459123527456987

130
130. -0.6473544347454209

131
131. -0.6459123527457005

132
132. -0.6473544347454231

133
133. -0.6459123527457009

134
134. -0.6473544347454195

135
135. -0.6459123527457026

136
136. -0.6473544347454171

137
137. -0.6459123527457

138
138. -0.6473544347454192

139
139. -0.6459123527457046

140
140. -0.6473544347454224

141
141. -0.6459123527456965

142
142. -0.6473544347454242

143
143. -0.6459123527456941

144
144. -0.6473544347454172

145
145. -0.6459123527457012

146
146. -0.6473544347454219

147
147. -0.6459123527456972

148
148. -0.6473544347454229

149
149. -0.6459123527457005

150
150. -0.6473544347454208

151
151. -0.6459123527456996

152
152. -0.6473544347454221

153
153. -0.6459123527456984

154
154. -0.6473544347454221

155
155. -0.6459123527457045

156
156. -0.6473544347454216

157
157. -0.6459123527457026

158
158. -0.6473544347454194

159
159. -0.6459123527456977

160
160. -0.6473544347454203

161
161. -0.6459123527456997

162
162. -0.6473544347454215

163
163. -0.6459123527456961

164
164. -0.6473544347454162

165
165. -0.6459123527457015

166
166. -0.6473544347454181

167
167. -0.6459123527457

168
168. -0.6473544347454236

169
169. -0.6459123527457024

170
170. -0.6473544347454216

171
171. -0.6459123527457036

172
172. -0.6473544347454141

173
173. -0.6459123527457028

174
174. -0.647354434745416

175
175. -0.6459123527457026

176
176. -0.6473544347454158

177
177. -0.6459123527457015

178
178. -0.647354434745416

179
179. -0.6459123527456986

180
180. -0.6473544347454208

181
181. -0.6459123527456991

182
182. -0.6473544347454203

183
183. -0.6459123527456967

184
184. -0.6473544347454172

185
185. -0.6459123527456977

186
186. -0.6473544347454204

187
187. -0.6459123527456975

188
188. -0.647354434745419

189
189. -0.6459123527457017

190
190. -0.6473544347454191

191
191. -0.6459123527457054

192
192. -0.6473544347454182

193
193. -0.6459123527457027

194
194. -0.6473544347454213

195
195. -0.6459123527457009

196
196. -0.6473544347454178

197
197. -0.6459123527457066

198
198. -0.6473544347454164

199
199. -0.645912352745699

200
200. -0.64735443474542

201
201. -0.6459123527457028

202
202. -0.6473544347454199

203
203. -0.6459123527457015

204
204. -0.647354434745424

205
205. -0.6459123527456987

206
206. -0.647354434745422
