s = 0.5
N = 10
J = 1
h = 0

1. -0.4258035207282882
2. -0.4343838975667457
3. -0.446375637467286
4. -0.4371656497653179
5. -0.44742036384404016
6. -0.44691253983465956
7. -0.44646282805043536
8. -0.4472969887949165
9. -0.4462832324156364
10. -0.445478521643825
11. -0.4452937428777916
12. -0.44533249554560583
13. -0.44593629119450995
14. -0.4458068970703729
15. -0.4457424381378682
16. -0.4457143562970039
17. -0.4456716968825469
18. -0.4453371801054155
19. -0.44533569099872816
20. -0.44518507473950014
21. -0.4455623964468907
22. -0.44553336710183356
23. -0.4459678625968659
24. -0.44586329230857225
25. -0.4462523429134605
26. -0.44599114624975844
27. -0.446041929791369
28. -0.4460326370028888
29. -0.4464480922048212
30. -0.44589882983393553
31. -0.44633410790952194
32. -0.4460143943864524
33. -0.4469846200395768
34. -0.44675434091891464
35. -0.44720415135784464
36. -0.4467492435609282
37. -0.44669478204365903
38. -0.44643882117960654
39. -0.44681749894295036
40. -0.44658529693285653
41. -0.44676106627359014
42. -0.44669387907481467
43. -0.4466187878656136
44. -0.44681230438390623
45. -0.44664498349585013
46. -0.4466637683296726
47. -0.4466713140715975
48. -0.4466371936266962
49. -0.44691029660011655
50. -0.4467672694245262
51. -0.4471019226789512
52. -0.44701478271097134
53. -0.4471388006532449
54. -0.44732621247541754
55. -0.44719299349898783
56. -0.4474690992097387
57. -0.44742343674340224
58. -0.4475396018936045
59. -0.447522370940143
60. -0.44769444291454574
61. -0.44751209631629024
62. -0.44756355776411727
63. -0.4475309161250731
64. -0.4474868340953712
65. -0.4475710108046459
66. -0.44761599475980557
67. -0.44755800593083744
68. -0.44751801869003294
69. -0.44745065640106724
70. -0.4474290653702907
71. -0.44742817235944216
72. -0.44736918321297986
73. -0.4474132497584766
74. -0.447412741613104
75. -0.44753562470453634
76. -0.44743810388111543
77. -0.44750340481824463
78. -0.44741941119851003
79. -0.4477212174194891
80. -0.447483789623252
81. -0.44769549971316164
82. -0.44752132312997367
83. -0.44755764602544656
84. -0.4475381283061887
85. -0.44755871272123054
86. -0.4476256930435857
87. -0.4476530262335558
88. -0.4476227381445884
89. -0.44767959887448766
90. -0.44760198013833413
91. -0.44756830568415
92. -0.4476032268031546
93. -0.4475745077634552
94. -0.4475158104624264
95. -0.4475500243157327
96. -0.447526773047487
97. -0.4474787867049393
98. -0.4474245804980744
99. -0.44738592247708087
100. -0.4472822259132992
BRRRRUSH...


1
1. -0.4516495032449387
2. -0.4519577453691837
3. -0.45251766005368393
4. -0.45284552896548597
5. -0.4534153477913175
6. -0.45384080653001624
7. -0.4541206270307893
8. -0.45457569076852533
9. -0.45509976025329146
10. -0.4553710393645901
11. -0.45573400731781316
12. -0.45626072746460977
13. -0.4566464347098475
14. -0.4569874942471587
15. -0.4574479154392995
16. -0.45777431203286273
17. -0.4580969341161497
18. -0.45843370992676824
19. -0.4588348731664829
20. -0.45928239527066594
21. -0.45969245351034793
22. -0.46006931312684346
23. -0.46060327504790355
24. -0.4606166581728044
25. -0.4611522961865005
26. -0.4615207603169212
27. -0.46198950984325343
28. -0.46223887237313216
29. -0.4626124071542081
30. -0.46298139360600377
31. -0.46345856773726296
32. -0.46381051533478596
33. -0.4642132545877799
34. -0.4646307567025661
35. -0.465141155933994
36. -0.46554491678417864
37. -0.4658159040159224
38. -0.4662315637110493
39. -0.46662638770210446
40. -0.4669406316063757
41. -0.46748846498218677
42. -0.467916610531168
43. -0.468124028687801
44. -0.4686119118242491
45. -0.46891326562801283
46. -0.4692594713747184
47. -0.4695666992395532
48. -0.47001305445471864
49. -0.4702089694784338
50. -0.47067409400042565
51. -0.47097205927889035
52. -0.47125757224045706
53. -0.4717387697449372
54. -0.4719248390964754
55. -0.472381034955083
56. -0.4726993848118237
57. -0.47323406014542335
58. -0.4736236221535472
59. -0.4739390685269008
60. -0.47440151938488245
61. -0.47470038443706325
62. -0.47523126025438983
63. -0.4756323689510681
64. -0.47577835328448886
65. -0.47633648964916914
66. -0.47683024698959464
67. -0.47737848271234945
68. -0.47767892701101905
69. -0.47807257904445505
70. -0.47805320436249205
71. -0.47852712991561763
72. -0.47891779112711047
73. -0.479568849899091
74. -0.47963893276468095
75. -0.48012790077842965
76. -0.4805900292986434
77. -0.48098846206904355
78. -0.48128238659328887
79. -0.48176145660585257
80. -0.48204826307532544
81. -0.4824437741733206
82. -0.48269334786752516
83. -0.48315655499938814
84. -0.4836693809531048
85. -0.4841572116705929
86. -0.48445064664360515
87. -0.4848999455153869
88. -0.48545241036320275
89. -0.4857915695032772
90. -0.4860212100531206
91. -0.4864871766090374
92. -0.4869619599278533
93. -0.4874123803528309
94. -0.48796607155320937
95. -0.48841119810432654
96. -0.4887450235377359
97. -0.48880525423937776
98. -0.4892568019338462
99. -0.4900013355388879
100. -0.4889415301440938
1. -0.49038317057404296
2. -0.4886960689938359
3. -0.48875473218279664
4. -0.4881524664638883
5. -0.487957830278306
6. -0.48756654834729873
7. -0.4872107503809832
8. -0.4869208746141088
9. -0.4865224872674085
10. -0.4862370240716126
11. -0.485803376390349
12. -0.48532249914041536
13. -0.4849432244213052
14. -0.48457400325467265
15. -0.48415504990014335
16. -0.4839508099268262
17. -0.4836121757908646
18. -0.483197596103598
19. -0.48280331141132016
20. -0.48231957272898796
21. -0.4819123018993642
22. -0.4813971378183319
23. -0.48098114880629933
