s = 1
N = 6
J = 1
h = 0

1. -1.2283791615707742
2. -1.3443682759370035
3. -1.3183512135832476
4. -1.3374022350357848
5. -1.3409569814290097
6. -1.3445467981411117
7. -1.3561473225517138
8. -1.3484028871188731
9. -1.3573882622180349
10. -1.357491932428161
11. -1.363487400380117
12. -1.3646408166882809
13. -1.3735936662019854
14. -1.37771609275672
15. -1.3760848254244675
16. -1.3743288934398308
17. -1.3778446178156372
18. -1.3749621066267803
19. -1.3808682126515166
20. -1.3800877756384742
21. -1.3806222537084991
22. -1.3799038116540394
23. -1.3820059964298204
24. -1.3816885794709841
25. -1.3853776876832344
26. -1.3829180586824596
27. -1.3830785652213011
28. -1.382412464354652
29. -1.3849937251641773
30. -1.3828083805563347
31. -1.3842050898568194
32. -1.3832183486980034
33. -1.3829543525035286
34. -1.383286182532696
35. -1.384651031167765
36. -1.382511031247426
37. -1.3844728731809255
38. -1.3845306784993323
39. -1.3851267918330197
40. -1.38664140048543
41. -1.3855592057362323
42. -1.3867242226526917
43. -1.385415485136526
44. -1.3860429945532153
45. -1.3876376779183741
46. -1.3878848888663293
47. -1.388623601409094
48. -1.3888526596526258
49. -1.3905874984413764
50. -1.3896759274440353
51. -1.3914272927463598
52. -1.3902908001368335
53. -1.3905503551032303
54. -1.390692497977609
55. -1.3915579096756228
56. -1.3913799912783
57. -1.3920048996487302
58. -1.390884491636645
59. -1.3910563167277092
60. -1.390972580435166
61. -1.3903337308610022
62. -1.3906382073348165
63. -1.391287899324658
64. -1.391397269793652
65. -1.3915531417048244
66. -1.3922111403183945
67. -1.392263499055416
68. -1.3919309990197395
69. -1.391616912263861
70. -1.3919637382901286
71. -1.3917374074830158
72. -1.3922255441502442
73. -1.391589073095973
74. -1.3912267451845157
75. -1.39175990437907
76. -1.3920115184646489
77. -1.3917339475930965
78. -1.3921755855050577
79. -1.3919093065388337
80. -1.3916094516509412
81. -1.391917782169002
82. -1.3928089259184555
83. -1.3921994685279715
84. -1.3924463358976389
85. -1.392495912964329
86. -1.3931685080213996
87. -1.3924635417432003
88. -1.3929678688138203
89. -1.393595743778026
90. -1.3926819002843254
91. -1.3927527649450522
92. -1.393329875949162
93. -1.3931494489462364
94. -1.3929067628440697
95. -1.392809438731579
96. -1.3933160726036233
97. -1.3934215545547786
98. -1.393737228145561
99. -1.3936153320527012
100. -1.393793551408699
101. -1.3932262383322025
102. -1.394481021146381
103. -1.3939674164069331
104. -1.3939952915561575
105. -1.3941225980415568
106. -1.3941731904650527
107. -1.394370554154806
108. -1.3946309274612474
109. -1.3951116315276435
110. -1.3945221463401865
111. -1.3953857397268183
112. -1.3954175690222836
113. -1.395262422856971
114. -1.3958098297856816
115. -1.3957496081164091
116. -1.395686326546166
117. -1.3961897136068107
118. -1.395535449388749
119. -1.39595810617952
120. -1.3959144446203657
121. -1.3955525524997567
122. -1.3964559911904355
123. -1.3957293906917758
124. -1.396285068199176
125. -1.3958983022243234
126. -1.396449208764787
127. -1.3962940754688813
128. -1.3962277283232307
129. -1.3957245361046966
130. -1.3961165904732145
131. -1.3960791531581993
132. -1.396170266128306
133. -1.3962173907294055
134. -1.396351805047895
135. -1.3966334037253194
136. -1.396105873958414
137. -1.3964029205395567
138. -1.3967324116692277
139. -1.3968362375778307
140. -1.39685898962549
141. -1.3970361505759006
142. -1.3972188785057285
143. -1.3968453550262336
144. -1.397268540499083
145. -1.3973048642846548
146. -1.3973177039321463
147. -1.3977461492657501
148. -1.3971574048294266
149. -1.3974378400226948
150. -1.397532928792306
151. -1.3980858804608067
152. -1.39735823879556
153. -1.3975128610487095
154. -1.397778484317478
155. -1.3975829895434382
156. -1.3978006351961652
157. -1.397576555674023
158. -1.3975657068437624
159. -1.3978076449357035
160. -1.3975907600442472
161. -1.3978002266960514
162. -1.3978998458940632
163. -1.3980374521366075
164. -1.39838019445598
165. -1.397527860263811
166. -1.3977629461373038
167. -1.3973391790253324
168. -1.3974810587856528
169. -1.3971150880378131
170. -1.3972998289564975
171. -1.3978143171397923
172. -1.3975962393594117
173. -1.3977966226828782
174. -1.3972800673774033
175. -1.3980323219293247
176. -1.397819250767923
177. -1.397777601397304
178. -1.3976840075071646
179. -1.3978732369111837
180. -1.3978715229827758
181. -1.3977236851605144
182. -1.3977827886821033
183. -1.398061311699841
184. -1.3979447786669918
185. -1.398178106442834
186. -1.3977358229241283
187. -1.3977904536778751
188. -1.397899703297184
189. -1.3978873151671023
190. -1.3978579266666582
191. -1.3982604375071859
192. -1.3981000007397624
193. -1.3978380392599334
194. -1.3979375067272037
195. -1.3979892265044733
196. -1.3979029558490432
197. -1.3980116529570445
198. -1.3979225607632433
199. -1.3983138316089716
200. -1.3980212992543921
