s = 0.5
N = 6
J = 1
h = 0

Argsort = [3 2 4 1]
1. -0.4155961889813216
2. -0.4281420640168567
3. -0.4100735224293114
4. -0.43560413869813264
5. -0.42866794124573254
6. -0.4325822854715314
7. -0.4323288040608261
8. -0.43264150042315946
9. -0.4325907895272788
10. -0.43241096204332835
11. -0.43219741685776225
12. -0.43192640766852214
13. -0.4316502903025794
14. -0.4313637409056865
15. -0.4310828950796233
16. -0.43080777935271186
17. -0.4305437586519785
18. -0.4302906540580662
19. -0.4300503199608621
20. -0.4298221209455803
21. -0.42960649119369104
22. -0.4294026315379999
23. -0.42921035666887564
24. -0.4290288663473757
25. -0.4288577225292402
26. -0.42869618883718924
27. -0.4285437494801398
28. -0.4283997525111571
29. -0.4282636860451417
30. -0.4281349842518339
31. -0.4280131745339163
32. -0.42789777107353705
33. -0.42778835313051716
34. -0.42768450598067187
35. -0.4275858623356979
36. -0.427492069117416
37. -0.427402809109239
38. -0.4273177819316829
39. -0.42723671511101824
40. -0.42715935293864316
41. -0.4270854619016783
42. -0.4270148239735757
43. -0.42694723907110255
44. -0.4268825208750723
45. -0.4268204977476494
46. -0.42676101002707556
47. -0.42670391017363934
48. -0.4266490609450152
49. -0.42659633517910245
50. -0.4265456145117751
