s = 0.5
N = 10
J = 1
h = 0

1. -0.4258035207282882
2. -0.4343838975667457
3. -0.446375637467286
4. -0.4371656497653179
5. -0.44742036384404016
6. -0.44691253983465956
7. -0.44646282805043536
8. -0.4472969887949165
9. -0.4462832324156364
10. -0.445478521643825
BRRRRUSH...


1
1. -0.47710043879763386
2. -0.48052187276781755
3. -0.4839422350364873
4. -0.48802222503227266
5. -0.49134229118706163
6. -0.49381826050286415
7. -0.4942659516541004
8. -0.4976207447047621
9. -0.5031513166609741
10. -0.4952785184103959
1. -0.5059878446049736
2. -0.8243983168732737
3. -0.7887356120919524
4. -0.7301222486048536
5. -0.7024319354550652
6. -0.6689181281483234
7. -0.6432729118655048
8. -0.5936427266146795
9. -0.5547540801798633
10. -0.5387945106661306
11. -0.4830036082571422
12. -0.467735566965633
13. -0.4146321294709036
14. -0.39190805890196784
15. -0.35745102667275386
16. -0.3200543519613609
17. -0.28166466727997064
18. -0.2408523515030762
19. -0.22542114264217644
20. -0.18632265133361692
1. -0.1518924878783772
2. -0.36168584611158733
3. -0.37646610747849735
4. -0.41916179366650347
5. -0.46553593804165455
6. -0.49303572410578284
7. -0.5254065498382922
8. -0.5551626131763256
9. -0.6107764674824246
10. -0.6507912867475972
MAIN 1. -0.6507912867475972

2
1. -0.3307847570808816
2. -0.5373058665008067
3. -0.553805101830837
4. -0.5945073711307998
5. -0.642242475678575
6. -0.6698538259910408
7. -0.7021875412808638
8. -0.7319572220433567
9. -0.7875704065578967
10. -0.8275846931489651
1. -0.5075782541036858
2. -0.8331100547921487
3. -0.7772455463322893
4. -0.7547876828557804
5. -0.7068486028122606
6. -0.6724851526525361
7. -0.6358574387882072
8. -0.6066969814304868
9. -0.5643380682037973
10. -0.549358188214397
11. -0.5147782917237743
12. -0.45825398418578206
13. -0.42155313314105697
14. -0.4061786034341504
15. -0.35505151041985483
16. -0.31531471036107944
17. -0.2820858574206578
18. -0.23847266119849414
19. -0.21172498767662712
20. -0.1824900345069062
1. -0.15223574096716788
2. -0.3691104647929643
3. -0.3875943514022012
4. -0.4297402027139838
5. -0.45883103898712513
6. -0.4959734433688166
7. -0.5302973049424441
8. -0.5780034114531257
9. -0.6006099798916041
10. -0.6556140207532328
MAIN 2. -0.6556140207532328

3
1. -0.330884330677715
2. -0.5493052929812993
3. -0.5644996831196569
4. -0.6069969533316771
5. -0.635989534965388
6. -0.6731511672434348
7. -0.7074709251985485
8. -0.7551779042612752
9. -0.7777843307876279
10. -0.8327883008740093
1. -0.5080586391149688
2. -0.829511373885005
3. -0.7767240769685999
4. -0.7412342943161215
5. -0.7170778957219566
6. -0.6773093055754845
7. -0.6409018205905858
8. -0.6047465563404076
9. -0.5671449472887946
10. -0.5232317392151041
11. -0.4927800347216152
12. -0.47034828195815365
13. -0.4115146812360315
14. -0.3693263441455968
15. -0.3394885323967812
16. -0.3256771548328238
17. -0.2819595571591958
18. -0.25715301819916864
19. -0.21674890252246323
20. -0.17904026690179625
1. -0.14079997522464296
2. -0.3474019511383089
3. -0.39185374987540056
4. -0.42929532017965083
5. -0.4650782089661405
6. -0.5012424329026117
7. -0.5424964781750409
8. -0.5653874422237093
9. -0.6002147129028312
10. -0.6534809721552911
MAIN 3. -0.6534809721552911

4
1. -0.332716638922498
2. -0.5251171330411954
3. -0.5695983526051566
4. -0.6068608717638341
5. -0.6425426219641357
6. -0.678733453524148
7. -0.7199793610150736
8. -0.7428803710007923
9. -0.7777067419459008
10. -0.8309734483258884
1. -0.510208879686866
2. -0.8352118055539085
3. -0.7740751367801393
4. -0.7443071492020452
5. -0.7113673308203982
6. -0.6771482672436685
7. -0.6559426077898982
8. -0.6097293971449215
9. -0.5727459268822269
10. -0.5215633605085792
11. -0.48709472984477376
12. -0.4539576890834973
13. -0.4180990519254712
14. -0.3845401233026666
15. -0.3463962711911959
16. -0.3074011834431282
17. -0.281969228323636
18. -0.2450907571017568
19. -0.2129610128260762
20. -0.1756848753812803
1. -0.15385624408825654
2. -0.34706267774144994
3. -0.3947789691546793
4. -0.4298374126414072
5. -0.4785786473094785
6. -0.4989073195578634
7. -0.5322685221653627
8. -0.56462994858397
9. -0.5958105208271407
10. -0.6550069675324558
MAIN 4. -0.6550069675324558

5
1. -0.3315878887200882
2. -0.5202725766571369
3. -0.5713806476165283
4. -0.6067296190846146
5. -0.6555026882631962
6. -0.6758307449813427
7. -0.7091876674066955
8. -0.7415496615820645
9. -0.7727301425425976
10. -0.8319265567293829
1. -0.5085075861649673
2. -0.8371483686796635
3. -0.7791110000155943
4. -0.7406608459980989
5. -0.7027237346376981
6. -0.6642742766775946
7. -0.6389105841941917
8. -0.5955762588047212
9. -0.5727793120645387
10. -0.5260767705919579
11. -0.49224846370132497
12. -0.4576992695077592
13. -0.42517280459910983
14. -0.3827349812773427
15. -0.3441080376193805
16. -0.3163221366645343
17. -0.27855571436383186
18. -0.25043797208285884
19. -0.22197043258116986
20. -0.17645192750924496
1. -0.1563849425956872
2. -0.3472099327158561
3. -0.39542316375245606
4. -0.4192812124241101
5. -0.4630170501844442
6. -0.48753152898752167
7. -0.5263341374389222
8. -0.5634288794862042
9. -0.6025033214974904
10. -0.6610251323374936
MAIN 5. -0.6610251323374936

6
1. -0.3326270612362566
2. -0.5272636017246219
3. -0.572865439566103
4. -0.5970670556965907
5. -0.6407086696834876
6. -0.665256178258587
7. -0.7040549942784325
8. -0.7411503118755809
9. -0.7802241486135999
10. -0.8387460739593843
1. -0.5103479789310214
2. -0.8328670624177283
3. -0.7830884277209568
4. -0.7515560592291373
5. -0.7274974883291875
6. -0.6810870423570189
7. -0.6264616756420691
8. -0.6087757041450083
9. -0.5600874191468461
10. -0.5337428304898627
11. -0.484409328418622
12. -0.4538364850297514
13. -0.41423796498934695
14. -0.3854432515100931
15. -0.36985780937874935
16. -0.30188406363115466
17. -0.2788622229060357
18. -0.24667759947127268
19. -0.2153484121552886
20. -0.1740000545729951
1. -0.15492211571904613
2. -0.35205104561295714
3. -0.3821915384748254
4. -0.43068658462808457
5. -0.4485085484244738
6. -0.5028593847098609
7. -0.5488982721416847
8. -0.5717651493416004
9. -0.6041696526389464
10. -0.6555239618616572
MAIN 6. -0.6555239618616572

7
1. -0.33204751823821116
2. -0.5330248580026475
3. -0.5593135212673693
4. -0.6081512752634407
5. -0.6258891478120553
6. -0.6802544657443813
7. -0.7262888537491158
8. -0.7491564636566655
9. -0.7815607813737884
10. -0.8329151980084387
1. -0.5094387010772227
2. -0.8372568324174334
3. -0.7873010133128624
4. -0.737272405521422
5. -0.7017754621251141
6. -0.6674146052324678
7. -0.6577836613584781
8. -0.5935087637984333
9. -0.57517037281696
10. -0.529750062737742
11. -0.4974224770880676
12. -0.45735854774900175
13. -0.4236297962968221
14. -0.3714942761146638
15. -0.3495710126730915
16. -0.3106025564376066
17. -0.2912530255098516
18. -0.2473882385994091
19. -0.22985808788713116
20. -0.1823980829391044
1. -0.14149684069404403
2. -0.34978860303818565
3. -0.39766925140028875
4. -0.4164097843909072
5. -0.47973005945559455
6. -0.4904441372929588
7. -0.5237134963752528
8. -0.5598390696155479
9. -0.6105592152048455
10. -0.6593096399456553
MAIN 7. -0.6593096399456553

8
1. -0.33161939666856327
