s = 1
N = 4
J = 1
h = 0

Argsort = [1 5 6]
1. -1.1614378277661475
2. -1.239950497229189
3. -1.3211250735384417
4. -1.3238242025449165
5. -1.3464330612825617
6. -1.3712816777054946
7. -1.3735046510079485
8. -1.3870454343271992
9. -1.3951941046782568
10. -1.3968512805128321
11. -1.4017711282968968
12. -1.404533463428461
13. -1.4072283588569081
14. -1.4096198903147448
15. -1.4115205074606014
16. -1.4131991758007656
17. -1.414479709908913
18. -1.4153044068813023
19. -1.4153285818235968
20. -1.4119601974816625
21. -1.4162839305110624
22. -1.4132245141611175
23. -1.4152723804222533
24. -1.420676169459144
25. -1.4212994246526718
26. -1.4195369358832939
27. -1.4169481253711596
28. -1.4181562611555463
29. -1.4242085497968475
30. -1.421519455427048
31. -1.4200627767634921
32. -1.4209782538732194
33. -1.4232437196898748
34. -1.4247466056041953
35. -1.4248357081054708
36. -1.4268922666653443
37. -1.4264483587792416
38. -1.4264106551588516
39. -1.425836522223782
40. -1.4266376874707238
41. -1.4241235401967147
42. -1.4249244349059398
43. -1.4292523466715341
44. -1.425643158812682
45. -1.4272035429704715
46. -1.4286204506459452
47. -1.4287996163958754
48. -1.4268905727006358
49. -1.42830059466313
50. -1.4262917432941524
51. -1.426869699252247
52. -1.4302423310844528
53. -1.4272541336131181
54. -1.4277082923034876
55. -1.4311282119942899
56. -1.428185020293713
57. -1.429680547098037
58. -1.430249645218314
59. -1.429796469554854
60. -1.4310896331108565
61. -1.4305314544899448
62. -1.4285657012698805
63. -1.4290556697961427
64. -1.431948165761938
65. -1.4293861230848235
66. -1.429709712795706
67. -1.4306293955238132
68. -1.4314690295183077
69. -1.4313769154585279
70. -1.4317334865881528
71. -1.4317361676344713
72. -1.4312165080757475
73. -1.4316950555205155
74. -1.4302294539559663
75. -1.4306059481127653
76. -1.4330022789380112
77. -1.4308761473701417
78. -1.4317225155124416
79. -1.4324950936445628
80. -1.4325506235110783
81. -1.4313818727143008
82. -1.4321361690873256
83. -1.430885572706105
84. -1.4311838631006724
85. -1.4314523823240421
86. -1.4323173508210478
87. -1.4323592565992733
88. -1.4321802381545878
89. -1.4316082501486629
90. -1.431871776132687
91. -1.4325819537051143
92. -1.433109534706445
93. -1.432987730942037
94. -1.4337562012195737
95. -1.4335389534589957
96. -1.433461480866844
97. -1.4332443367780605
98. -1.4332845923303408
99. -1.4321024207427255
100. -1.4323611374518805
101. -1.4341594774298354
102. -1.4325251191573856
103. -1.4332076620639815
104. -1.4337325579122957
105. -1.433708268865989
106. -1.433159774268436
107. -1.4330027447974956
108. -1.4323463652656485
109. -1.4325241218050626
110. -1.4338404528300204
111. -1.4332390223674956
112. -1.4325893475617864
113. -1.4328357128110376
114. -1.4336461090123505
115. -1.4327976947077157
116. -1.4336046891148833
117. -1.4336117672014557
118. -1.433546581047654
119. -1.4336690963045
120. -1.4336372688139065
121. -1.433610729439633
122. -1.4334517635920814
123. -1.4327732557168333
124. -1.4327006495723176
125. -1.4329639400315224
126. -1.4338646139188418
127. -1.4328891069972889
128. -1.4328703311823792
129. -1.4342935950256916
130. -1.433653965437237
131. -1.4330403886317922
132. -1.4332026779837055
133. -1.4345452382838286
134. -1.4333111667694225
135. -1.4337079950431426
136. -1.434198777609943
137. -1.4342594374260216
138. -1.4333407119281918
139. -1.4333997525460087
140. -1.4336189547314675
141. -1.434466813274704
142. -1.4335283384839301
143. -1.433612836348039
144. -1.4338573472271632
145. -1.4349314520101022
146. -1.4344258679479842
147. -1.4337852203526587
148. -1.4342234368303772
149. -1.434391734619473
150. -1.4346234528996094
151. -1.4339473494191408
152. -1.4340952551966655
153. -1.4348795394934852
154. -1.4349769928995673
155. -1.434587735841158
156. -1.4340120462722634
157. -1.43419136887289
158. -1.4352146689280003
159. -1.4341510505303519
160. -1.4343075506394167
161. -1.4348621945638749
162. -1.4343389336534593
163. -1.434852285573158
164. -1.4348833149669695
165. -1.4348308107314185
166. -1.4349345400831062
167. -1.434930834634319
168. -1.4349674966057593
169. -1.4349745167346275
170. -1.4349441826011213
171. -1.434836524326419
172. -1.4345081422307995
173. -1.4349303444020503
174. -1.4342944929904327
175. -1.4344251936884378
176. -1.4354448660734074
177. -1.4344768202726337
178. -1.4345597092001943
179. -1.4349510087470454
180. -1.4351015374782505
181. -1.4351073791365905
182. -1.4354694815317035
183. -1.4353579662031672
184. -1.4354097362574927
185. -1.4354511317847019
186. -1.4354390469160359
187. -1.4354316202893567
188. -1.435347542766773
189. -1.4351840273194225
190. -1.435323570589437
191. -1.434833403915033
192. -1.434950638863883
193. -1.4358856320931035
194. -1.4350125220459693
195. -1.4352880550771752
196. -1.4356161043029216
197. -1.4356483829497346
198. -1.4350138915652653
199. -1.4350193962926951
200. -1.43515420404614
