s = 0.5
N = 10
J = 1
h = 1

1. -0.5318745566357584
2. -0.5287246862042966
3. -0.5228811843490312
4. -0.5052898314054939
5. -0.5072761778885985
6. -0.4911316688879136
7. -0.49451215377732766
8. -0.48594952395628815
9. -0.48821148327339586
10. -0.4808054587725402
11. -0.48165186587086606
12. -0.47505028395097204
13. -0.47604381769940624
14. -0.470037155436335
15. -0.47101557822130186
16. -0.46671315148269493
17. -0.4674457476073323
18. -0.4638104916293119
19. -0.46587514287041537
20. -0.46225833263010996
21. -0.4643334164119722
22. -0.4610610089883305
23. -0.463212123819265
24. -0.4595469068149254
25. -0.4611766557453819
26. -0.4577727215292585
27. -0.4594966899901318
