s = 1
N = 6
J = 1
h = 1

1. -1.470908366586638
2. -1.3786627696525537
3. -1.3832590715332285
4. -1.4266472101853516
5. -1.398423035496201
6. -1.4110680929887143
7. -1.3753539853072387
8. -1.3888814418844664
9. -1.3850369840129482
10. -1.3773046479594881
11. -1.388861971265054
12. -1.370973272820427
13. -1.3764314214496665
14. -1.375396845145311
15. -1.370740387945936
16. -1.3756918973693135
17. -1.370748746572671
18. -1.3722709611133077
19. -1.3721217685616127
20. -1.369226015752867
21. -1.365388428419417
22. -1.3675138494323018
23. -1.3655547167035331
24. -1.3638682923549932
25. -1.3662153419718843
26. -1.3662281284087954
